Stemming
[65.0, 67.5, 65.0, 62.5, 67.5]  -200
[59.0, 79.0, 79.0, 74.0, 80.0]  -500
[63.5, 74.0, 73.0, 71.0, 73.0]  -1000
[54.50, 79.20, 78.79, 78.10, 80.5] -5000
[56.85, 76.04, 76.95, 75.40, 77.0] -10000
[61.63, 73.33, 73.63, 72.66, 73.45]  -30000
[62.42, 73.12, 73.62, 72.95, 73.56]  -50000
[62.35, 72.67, 73.73, 72.82, 73.44]  -70000
[56.41, 73.15, 74.22, 73.47, 73.87]  -90000





Lemmatizing
[57.5, 57.5, 62.5, 52.5, 57.5]  -200
[56.99, 80.0, 79.0, 76.0, 83.0]  -500
[62.5, 74.5, 74.0, 72.5, 74.0]  -1000
[56.69, 78.29, 77.70, 77.40, 79.10]  -5000
[55.95, 76.20, 76.15, 75.20, 76.54]  -10000
[62.36, 72.83, 73.21, 72.21, 73.18]  -30000
[63.77, 72.93, 73.0, 72.62, 73.15]  -50000
[64.94, 73.82, 74.02, 73.67, 73.921]  -70000
[58.33, 73.15, 74.09, 73.53, 73.91]  -9000